c=1.2*0.0833;
C=c.*cosd(28.537163897362515);